975 91
970 90
966 89
962 88
957 87
952 86
850 86
948 85
945 85
943 85
942 84
940 84
938 83
933 83
931 82
927 82
925 81
922 81
920 80
918 80
915 80
913 79
910 79
908 78
904 78
902 77
899 77
897 76
892 76
891 75
888 75
886 74
883 74
881 74
878 73
875 73
873 72
870 72
869 72
866 71
864 71
861 71
860 70
857 70
855 70
853 69
849 69
846 69
845 68
843 68
842 67
840 67
837 67
835 66
830 66
828 66
827 65
823 65
821 65
820 64
818 64
816 64
814 63
810 63
808 63
805 62
802 62
801 62
800 61
796 61
793 61
792 60
788 60
786 60
785 59
782 59
780 59
778 58
776 58
773 58
770 57
768 57
765 57
764 56
761 56
757 56
756 55
751 55
750 55
749 54
745 54
743 54
742 53
737 53
734 53
733 52
729 52
727 52
725 51
723 51
719 51
717 50
715 50
713 49
711 49
708 49
706 48
701 48
699 48
698 47
696 47
694 47
693 46
685 46
680 46
679 45
670 45
672 45
669 44
664 44
663 43
658 43
655 43
652 42
650 42
647 42
646 41
638 41
636 41
634 40
625 40
621 40
619 39
615 39
613 39
607 38
601 38
599 38
598 37
596 37
589 37
588 36
585 36
581 36
580 35
577 35
576 35
575 34
563 34
561 34
558 33
552 33
549 33
547 32
541 32
536 32
535 31
531 31
525 31
524 30
522 30
515 30
514 29
513 29
510 28
507 28
503 28
498 27
488 26
476 25
467 24
462 24
455 23
449 23
446 23
441 22
435 22
428 22
422 21
420 21
417 20
412 20
409 19
402 19
396 19
395 18
389 18
386 18
382 17
378 17
376 17
375 16
371 16
364 16
360 15
353 15
345 14
340 14
336 13
331 13
328 13
323 12
319 12
314 11
309 11
306 10
301 10
300 10
297 9
293 9
290 9
286 8
283 8
279 7
276 7
273 6
268 6
257 6
253 5
250 5
248 4
225 4
213 3
209 3
202 3
201 2
199 1
198 1 