235 108
230 110
225 117
260 106
250 114
220 133
250 110
220 118
245 107
265 108
195 142
250 106
215 140
255 104
265 113
205 139
210 126
225 120
220 118
255 109
275 108
235 128
210 132
230 109
200 141
130 114
216 128
216 127
216 128
216 127
216 128
211 128
211 128
210 129
210 128
210 127
176 150
177 150
176 149
177 148
179 149
187 146
187 146
186 146
187 146
188 146
186 142
186 142
187 142
187 142
187 141
192 139
193 139
193 138
192 139
192 139
195 138
194 138
197 137
196 138
197 138